0	0	0	0	0	0	0	0	0	0	0	0	0	0	0	0	0	0	0	0	0	0	0	0	0	0	0	0	0	0	
0	0	0	0	0	0	0	0	0	0	0	0	0	0	0	0	0	0	0	0	0	0	0	0	0	0	0	0	0	0	
0	0	0	0	0	0	0	0	0	0	0	0	0	0	0	0	0	0	0	0	0	0	0	0	0	0	0	0	0	0	
0	0	0	0	0	0	0	0	0	0	0	0	0	14	2	2	2	2	2	15	0	0	28	27	27	29	0	0	0	0	
0	0	0	0	0	0	0	0	0	0	0	30	0	0	23	1	1	1	22	0	0	0	0	0	0	0	0	0	0	0	
0	0	0	0	0	0	0	0	0	30	0	0	0	0	0	23	26	22	0	0	0	0	0	0	0	0	0	12	2	13	
0	0	0	0	0	0	8	9	0	0	0	0	0	0	0	0	0	0	0	0	0	0	0	0	0	0	0	0	0	0	
0	0	0	0	0	8	19	7	0	0	0	0	0	0	0	0	0	0	0	0	0	0	0	0	0	0	0	0	0	0	
0	0	0	0	8	19	1	7	0	0	0	0	0	0	0	0	0	0	0	0	0	0	0	0	0	0	0	0	0	0	
2	2	2	2	19	1	1	18	2	2	2	2	2	2	2	2	2	2	2	2	4	0	0	0	3	2	2	2	2	2	
1	1	1	1	1	1	1	1	1	1	1	1	1	1	1	1	1	1	1	1	1	0	0	0	1	1	1	1	1	1